goal = [141, 19, 175, 235, 67, 221, 136, 245, 242, 163, 220, 204, 13, 60, 76, 235, 82, 200, 153, 127, 132, 244, 84, 57, 77, 201, 232, 24, 122, 148, 224, 158, 80, 162, 197, 193, 170, 177]
matrix_data = [
    (19, 32, 73),
    (16, 27, 31),
    (0, 20, 223),
    (9, 36, 52),
    (22, 17, 135),
    (3, 13, 124),
    (36, 34, 114),
    (31, 5, 177),
    (24, 9, 244),
    (35, 33, 5),
    (1, 37, 110),
    (31, 35, 232),
    (0, 10, 206),
    (4, 33, 152),
    (37, 17, 143),
    (20, 24, 62),
    (11, 36, 17),
    (9, 29, 216),
    (33, 28, 73),
    (35, 32, 10),
    (3, 22, 65),
    (32, 21, 220),
    (23, 32, 151),
    (13, 22, 122),
    (19, 22, 168),
    (34, 26, 211),
    (3, 34, 169),
    (18, 12, 135),
    (2, 31, 201),
    (20, 7, 15),
    (11, 21, 98),
    (7, 11, 144),
    (25, 31, 66),
    (25, 37, 224),
    (8, 22, 93),
    (17, 10, 35),
    (36, 9, 14),
    (18, 33, 40),
    (22, 29, 146),
    (5, 4, 147),
    (9, 21, 52),
    (25, 32, 213),
    (26, 29, 240),
    (3, 10, 177),
    (14, 31, 113),
    (19, 34, 121),
    (6, 33, 172),
    (12, 34, 185),
    (22, 26, 51),
    (17, 37, 160),
    (31, 15, 231),
    (22, 6, 68),
    (6, 35, 160),
    (17, 28, 100),
    (20, 19, 48),
    (33, 14, 75),
    (29, 20, 100),
    (20, 28, 243),
    (11, 20, 23),
    (20, 9, 198),
    (29, 30, 100),
    (5, 31, 94),
    (30, 27, 149),
    (19, 18, 75),
    (20, 15, 236),
    (6, 6, 210),
    (15, 34, 250),
    (11, 10, 41),
    (7, 21, 10),
    (10, 32, 117),
    (15, 36, 166),
    (11, 12, 226),
    (30, 13, 117),
    (16, 28, 8),
    (31, 21, 67),
    (17, 21, 103),
    (11, 23, 9),
    (36, 14, 138),
    (26, 36, 187),
    (22, 33, 63),
    (9, 14, 188),
    (4, 30, 37),
    (22, 37, 114),
    (21, 5, 197),
    (31, 2, 122),
    (32, 30, 145),
    (34, 17, 174),
    (24, 29, 186),
    (9, 33, 88),
    (24, 24, 107),
    (37, 37, 131),
    (23, 25, 129),
    (21, 17, 45),
    (31, 27, 170),
    (22, 27, 213),
    (36, 35, 151),
    (25, 16, 239),
    (18, 23, 45),
    (34, 33, 73),
    (3, 23, 77),
    (0, 29, 73),
    (29, 12, 221),
    (12, 0, 11),
    (9, 22, 193),
    (29, 33, 102),
    (14, 27, 167),
    (19, 23, 209),
    (13, 19, 34),
    (31, 36, 41),
    (24, 20, 137),
    (11, 33, 200),
    (2, 18, 12),
    (17, 13, 136),
    (0, 25, 54),
    (13, 16, 63),
    (37, 22, 94),
    (16, 36, 85),
    (27, 18, 162),
    (29, 35, 209),
    (32, 16, 54),
    (29, 37, 228),
    (26, 6, 169),
    (33, 15, 63),
    (16, 17, 21),
    (23, 29, 121),
    (7, 19, 161),
    (35, 36, 44),
    (7, 10, 128),
    (18, 34, 78),
    (31, 10, 190),
    (29, 8, 136),
    (34, 28, 154),
    (34, 35, 245),
    (30, 8, 107),
    (21, 9, 59),
    (32, 7, 103),
    (35, 24, 165),
    (11, 15, 42),
    (19, 37, 102),
    (17, 36, 110),
    (3, 27, 236),
    (21, 18, 167),
    (26, 17, 239),
    (37, 3, 68),
    (17, 32, 6),
    (31, 28, 235),
    (1, 28, 230),
    (19, 9, 122),
    (23, 37, 227),
    (8, 33, 199),
    (2, 12, 24),
    (5, 30, 236),
    (25, 35, 148),
    (28, 27, 46),
    (20, 12, 221),
    (22, 21, 81),
    (1, 32, 204),
    (28, 9, 145),
    (19, 17, 82),
    (4, 22, 95),
    (21, 37, 186),
    (27, 21, 50),
    (21, 28, 24),
    (12, 24, 155),
    (33, 37, 111),
    (17, 33, 28),
    (19, 31, 204),
    (7, 24, 78),
    (8, 34, 3),
    (10, 20, 226),
    (37, 21, 1),
    (13, 13, 103),
    (4, 27, 246),
    (16, 33, 18),
    (16, 26, 231),
    (15, 2, 120),
    (1, 23, 102),
    (33, 10, 103),
    (29, 13, 26),
    (32, 13, 225),
    (22, 34, 249),
    (31, 30, 45),
    (4, 19, 34),
    (17, 9, 77),
    (9, 4, 110),
    (7, 17, 243),
    (21, 19, 85),
    (23, 34, 10),
    (32, 12, 94),
    (18, 24, 189),
    (0, 21, 8),
    (20, 36, 105),
    (27, 33, 77),
    (7, 18, 84),
    (18, 27, 151),
    (10, 18, 53),
    (8, 36, 31),
    (26, 16, 36),
    (26, 28, 236),
    (14, 10, 101),
    (18, 18, 194),
    (36, 33, 54),
    (5, 17, 127),
    (20, 8, 214),
    (37, 20, 191),
    (16, 4, 211),
    (3, 26, 61),
    (16, 16, 90),
    (20, 27, 80),
    (13, 26, 29),
    (27, 24, 183),
    (0, 28, 189),
    (33, 31, 99),
    (7, 30, 157),
    (5, 8, 225),
    (16, 10, 59),
    (10, 31, 71),
    (33, 18, 5),
    (8, 29, 144),
    (9, 31, 22),
    (21, 31, 227),
    (6, 14, 65),
    (25, 15, 179),
    (11, 32, 134),
    (37, 25, 65),
    (18, 14, 10),
    (33, 12, 29),
    (11, 11, 115),
    (31, 20, 64),
    (34, 27, 162),
    (15, 27, 196),
    (5, 28, 104),
    (23, 1, 219),
    (13, 27, 26),
    (19, 29, 94),
    (32, 8, 140),
    (35, 37, 203),
    (28, 12, 237),
    (34, 32, 246),
    (23, 19, 203),
    (16, 23, 182),
    (29, 34, 172),
    (37, 27, 214),
    (3, 21, 17),
    (32, 29, 27),
    (6, 32, 31),
    (32, 15, 179),
    (34, 34, 157),
    (21, 22, 108),
    (33, 24, 171),
    (12, 19, 140),
    (0, 18, 165),
    (3, 35, 144),
    (6, 13, 41),
    (28, 25, 179),
    (17, 23, 90),
    (29, 15, 168),
    (36, 27, 214),
    (36, 21, 165),
    (24, 31, 181),
    (13, 4, 236),
    (2, 37, 106),
    (9, 18, 170),
    (31, 37, 180),
    (4, 21, 62),
    (22, 13, 141),
    (27, 35, 203),
    (21, 27, 129),
    (37, 29, 177),
    (0, 32, 200),
    (15, 7, 174),
    (10, 37, 50),
    (22, 30, 122),
    (0, 36, 178),
    (4, 23, 118),
    (20, 25, 147),
    (34, 23, 3),
    (27, 32, 39),
    (33, 29, 169),
    (35, 11, 159),
    (18, 15, 244),
    (37, 36, 58),
    (35, 13, 242),
    (37, 28, 80),
    (35, 31, 16),
    (26, 25, 241),
    (35, 22, 200),
    (34, 24, 53),
    (14, 18, 250),
    (13, 36, 76),
    (0, 14, 249),
    (12, 21, 173),
    (37, 15, 126),
    (11, 4, 0),
    (37, 23, 42),
    (37, 18, 187),
    (20, 37, 230),
    (31, 18, 222),
    (26, 19, 106),
    (6, 34, 201),
    (4, 3, 232),
    (33, 35, 3),
    (1, 24, 225),
    (32, 26, 77),
    (23, 21, 245),
    (14, 37, 246),
    (9, 25, 78),
    (6, 12, 233),
    (23, 30, 214),
    (25, 36, 164),
    (21, 36, 13),
    (1, 10, 16),
    (4, 29, 18),
    (34, 36, 51),
    (15, 30, 101),
    (16, 32, 66),
    (15, 11, 200),
    (20, 32, 183),
    (25, 1, 219),
    (4, 24, 90),
    (22, 32, 73),
    (15, 12, 197),
    (4, 36, 179),
    (6, 18, 6),
    (4, 28, 111),
    (12, 25, 81),
    (2, 24, 141),
    (13, 25, 228),
    (32, 17, 180),
    (35, 14, 165),
    (19, 36, 182),
    (9, 7, 15),
    (23, 36, 52),
    (13, 31, 39),
    (16, 34, 158),
    (30, 11, 49),
    (35, 35, 13),
    (24, 22, 216),
    (27, 36, 214),
    (27, 30, 164),
    (28, 33, 94),
    (28, 35, 55),
    (26, 30, 71),
    (0, 30, 127),
    (33, 20, 196),
    (2, 13, 122),
    (35, 19, 209),
    (25, 10, 36),
    (26, 24, 84),
    (23, 33, 47),
    (27, 22, 237),
    (5, 27, 125),
    (8, 11, 197),
    (17, 35, 153),
    (24, 28, 150),
    (2, 27, 126),
    (22, 14, 64),
    (29, 23, 92),
    (28, 24, 159),
    (25, 33, 232),
    (0, 15, 193),
    (6, 36, 73),
    (1, 15, 241),
    (19, 16, 188),
    (34, 29, 25),
    (36, 28, 84),
    (26, 23, 167),
    (4, 34, 23),
    (20, 31, 195),
    (37, 34, 130),
    (36, 32, 125),
    (31, 33, 164),
    (24, 34, 124),
    (27, 34, 94),
    (4, 31, 137),
    (18, 19, 26),
    (9, 27, 144),
    (2, 32, 75),
    (27, 11, 86),
    (33, 21, 11),
    (0, 6, 73),
    (31, 19, 208),
    (28, 20, 55),
    (30, 15, 249),
    (13, 28, 87),
    (32, 23, 89),
    (4, 14, 39),
    (14, 12, 120),
    (14, 32, 247),
    (2, 33, 225),
    (25, 18, 125),
    (33, 30, 14),
    (7, 14, 189),
    (3, 37, 220),
    (36, 36, 233),
    (33, 6, 213),
    (28, 23, 8),
    (1, 27, 70),
    (18, 30, 167),
    (22, 10, 56),
    (29, 22, 217),
    (27, 37, 233),
    (37, 1, 31),
    (33, 26, 231),
    (6, 29, 17),
    (9, 32, 109),
    (12, 16, 229),
    (20, 18, 209),
    (10, 17, 110),
    (34, 25, 163),
    (3, 33, 57),
    (37, 32, 235),
    (27, 27, 186),
    (21, 25, 46),
    (19, 35, 76),
    (3, 12, 17),
    (25, 3, 199),
    (23, 12, 21),
    (14, 34, 110),
    (35, 28, 91),
    (4, 37, 68),
    (1, 35, 238),
    (13, 30, 238),
    (11, 31, 105),
    (28, 26, 215),
    (14, 35, 24),
    (7, 16, 64),
    (34, 3, 205),
    (17, 14, 133),
    (5, 37, 232),
    (20, 20, 101),
    (30, 29, 124),
    (12, 35, 12),
    (29, 31, 217),
    (24, 4, 231),
    (23, 4, 231),
    (18, 29, 181),
    (19, 30, 186),
    (32, 3, 230),
    (10, 35, 104),
    (10, 33, 23),
    (3, 16, 115),
    (31, 22, 233),
    (28, 17, 223),
    (28, 31, 7),
    (36, 15, 161),
    (18, 17, 27),
    (3, 32, 145),
    (15, 22, 30),
    (7, 12, 90),
    (10, 29, 157),
    (14, 21, 151),
    (12, 22, 221),
    (3, 24, 146),
    (15, 5, 177),
    (9, 13, 6),
    (9, 35, 145),
    (17, 31, 33),
    (14, 26, 55),
    (24, 19, 184),
    (22, 19, 220),
    (10, 24, 15),
    (17, 24, 219),
    (13, 18, 227),
    (3, 36, 62),
    (16, 31, 180),
    (15, 23, 31),
    (11, 37, 73),
    (10, 22, 26),
    (24, 23, 149),
    (15, 32, 140),
    (15, 17, 216),
    (36, 17, 49),
    (32, 35, 12),
    (8, 14, 189),
    (7, 33, 7),
    (18, 20, 112),
    (31, 23, 24),
    (24, 10, 169),
    (31, 34, 99),
    (0, 12, 95),
    (14, 15, 207),
    (15, 33, 175),
    (29, 14, 143),
    (26, 31, 216),
    (30, 22, 195),
    (18, 16, 82),
    (8, 37, 85),
    (9, 34, 221),
    (30, 14, 21),
    (34, 21, 232),
    (8, 17, 64),
    (9, 37, 160),
    (9, 15, 27),
    (33, 22, 210),
    (1, 7, 185),
    (8, 32, 63),
    (18, 11, 51),
    (32, 19, 37),
    (28, 13, 199),
    (30, 31, 65),
    (25, 22, 194),
    (20, 23, 90),
    (37, 2, 55),
    (8, 8, 0),
    (33, 33, 10),
    (12, 36, 242),
    (23, 22, 114),
    (31, 9, 103),
    (23, 20, 122),
    (7, 15, 90),
    (2, 20, 210),
    (22, 22, 231),
    (26, 34, 22),
    (31, 13, 185),
    (3, 31, 27),
    (20, 16, 45),
    (5, 25, 157),
    (23, 23, 70),
    (33, 11, 135),
    (23, 18, 85),
    (0, 22, 117),
    (7, 31, 67),
    (29, 24, 52),
    (25, 34, 145),
    (37, 26, 115),
    (13, 32, 192),
    (20, 26, 16),
    (1, 30, 229),
    (12, 17, 241),
    (13, 17, 229),
    (22, 25, 244),
    (5, 19, 46),
    (4, 13, 6),
    (20, 10, 133),
    (7, 28, 30),
    (28, 21, 204),
    (22, 7, 85),
    (6, 17, 246),
    (5, 12, 54),
    (26, 27, 120),
    (17, 19, 119),
    (11, 26, 119),
    (12, 26, 118),
    (24, 15, 69),
    (36, 23, 67),
    (36, 6, 124),
    (14, 36, 236),
    (21, 23, 14),
    (11, 24, 198),
    (11, 14, 172),
    (37, 19, 210),
    (23, 27, 81),
    (11, 29, 189),
    (21, 32, 238),
    (18, 13, 50),
    (34, 6, 0),
    (3, 25, 156),
    (12, 27, 208),
    (21, 14, 178),
    (37, 31, 6),
    (30, 28, 49),
    (10, 28, 102),
    (1, 25, 239),
    (31, 32, 241),
    (5, 15, 60),
    (12, 11, 237),
    (2, 30, 3),
    (30, 26, 227),
    (7, 29, 6),
    (12, 5, 50),
    (14, 14, 121),
    (21, 34, 172),
    (23, 16, 199),
    (15, 19, 213),
    (31, 11, 124),
    (26, 32, 107),
    (17, 17, 90),
    (7, 35, 145),
    (31, 4, 208),
    (1, 31, 177),
    (15, 15, 196),
    (24, 25, 117),
    (2, 2, 83),
    (2, 28, 197),
    (20, 33, 129),
    (36, 10, 222),
    (13, 6, 237),
    (5, 29, 11),
    (32, 24, 216),
    (14, 24, 146),
    (22, 18, 56),
    (23, 28, 247),
    (10, 9, 74),
    (4, 32, 244),
    (6, 21, 25),
    (12, 23, 15),
    (27, 26, 206),
    (6, 23, 15),
    (11, 17, 14),
    (37, 16, 0),
    (13, 21, 159),
    (26, 35, 113),
    (35, 34, 132),
    (10, 21, 114),
    (34, 20, 218),
    (19, 26, 106),
    (8, 13, 133),
    (36, 37, 10),
    (22, 23, 38),
    (28, 0, 216),
    (16, 35, 49),
    (30, 5, 78),
    (35, 29, 104),
    (30, 33, 174),
    (27, 13, 165),
    (7, 32, 21),
    (35, 16, 49),
    (36, 30, 182),
    (26, 12, 82),
    (17, 20, 27),
    (3, 15, 88),
    (1, 13, 136),
    (28, 37, 46),
    (36, 20, 8),
    (8, 0, 210),
    (6, 20, 100),
    (32, 9, 215),
    (27, 28, 82),
    (15, 10, 151),
    (12, 28, 190),
    (13, 33, 153),
    (8, 21, 22),
    (30, 30, 149),
    (29, 28, 67),
    (24, 17, 199),
    (32, 32, 101),
    (1, 19, 15),
    (36, 26, 96),
    (15, 37, 246),
    (31, 14, 55),
    (32, 28, 216),
    (16, 25, 241),
    (30, 34, 100),
    (21, 26, 69),
    (0, 19, 42),
    (28, 19, 131),
    (18, 28, 18),
    (22, 31, 204),
    (13, 35, 81),
    (29, 25, 165),
    (10, 25, 64),
    (7, 36, 40),
    (35, 15, 113),
    (10, 6, 51),
    (11, 34, 86),
    (36, 22, 190),
    (30, 36, 152),
    (18, 21, 29),
    (27, 29, 135),
    (22, 20, 217),
    (34, 11, 140),
    (5, 33, 13),
    (19, 7, 232),
    (13, 29, 126),
    (37, 30, 105),
    (2, 36, 92),
    (28, 8, 171),
    (34, 31, 202),
    (2, 35, 152),
    (2, 29, 125),
    (33, 16, 174),
    (23, 5, 76),
    (26, 18, 238),
    (33, 3, 46),
    (11, 16, 241),
    (10, 26, 145),
    (15, 28, 126),
    (36, 29, 122),
    (2, 11, 144),
    (17, 30, 121),
    (0, 37, 9),
    (21, 21, 173),
    (22, 11, 65),
    (2, 4, 35),
    (23, 14, 134),
    (28, 30, 107),
    (4, 16, 127),
    (35, 20, 0),
    (30, 20, 70),
    (14, 19, 100),
    (6, 25, 51),
    (19, 20, 100),
    (34, 18, 169),
    (25, 25, 206),
    (15, 6, 70),
    (7, 7, 111),
    (27, 31, 111),
    (5, 22, 249),
    (6, 30, 35),
    (37, 33, 6),
    (14, 33, 223),
    (31, 29, 53),
    (31, 25, 246),
    (7, 23, 85),
    (13, 7, 184),
    (27, 15, 213),
    (15, 20, 41),
    (20, 30, 102),
    (2, 19, 176),
    (24, 26, 1),
    (16, 11, 5),
    (10, 30, 132),
    (6, 37, 11),
    (25, 26, 129),
    (25, 14, 89),
    (36, 5, 92),
    (4, 35, 18),
    (10, 12, 111),
    (2, 22, 34),
    (29, 6, 121),
    (24, 37, 127),
    (20, 34, 97),
    (24, 18, 31),
    (32, 5, 9),
    (35, 12, 99),
    (5, 26, 38),
    (8, 35, 178),
    (21, 24, 140),
    (6, 19, 169),
    (16, 37, 169),
    (0, 33, 136),
    (24, 8, 215),
    (21, 29, 147),
    (15, 25, 206),
    (15, 31, 83),
    (18, 37, 175),
    (12, 32, 90),
    (18, 36, 72),
    (22, 8, 172),
    (8, 2, 133),
    (12, 37, 123),
    (21, 35, 192),
    (16, 2, 180),
    (28, 3, 24),
    (14, 3, 73),
    (28, 5, 85),
    (5, 36, 118),
    (2, 34, 186),
    (16, 18, 20),
    (37, 6, 185),
    (8, 18, 64),
    (1, 22, 128),
    (5, 20, 148),
    (30, 18, 161),
    (14, 8, 183),
    (13, 10, 26),
    (10, 27, 190),
    (23, 9, 42),
    (8, 24, 57),
    (5, 32, 4),
    (18, 31, 243),
    (27, 25, 109),
    (19, 24, 110),
    (8, 20, 21),
    (0, 16, 184),
    (34, 14, 228),
    (22, 12, 46),
    (18, 26, 67),
    (6, 16, 243),
    (7, 22, 152),
    (12, 15, 214),
    (9, 23, 103),
    (31, 24, 79),
    (2, 25, 82),
    (10, 14, 118),
    (5, 13, 97),
    (29, 32, 85),
    (27, 16, 223),
    (35, 9, 52),
    (21, 11, 207),
    (28, 6, 142),
    (32, 6, 220),
    (19, 6, 35),
    (22, 28, 242),
    (30, 12, 69),
    (36, 24, 175),
    (4, 6, 103),
    (12, 29, 229),
    (30, 6, 24),
    (27, 14, 0),
    (32, 31, 23),
    (8, 28, 90),
    (6, 31, 12),
    (10, 34, 183),
    (3, 20, 224),
    (8, 27, 30),
    (27, 12, 142),
    (13, 37, 45),
    (24, 14, 118),
    (33, 9, 187),
    (30, 24, 78),
    (35, 6, 14),
    (25, 23, 48),
    (12, 20, 111),
    (20, 17, 188),
    (18, 25, 107),
    (36, 25, 212),
    (19, 33, 118),
    (21, 30, 138),
    (1, 16, 2),
    (29, 36, 19),
    (21, 33, 152),
    (26, 11, 19),
    (15, 24, 223),
    (19, 11, 49),
    (25, 30, 126),
    (33, 34, 72),
    (34, 30, 113),
    (0, 31, 237),
    (14, 20, 35),
    (28, 14, 35),
    (0, 2, 113),
    (34, 12, 186),
    (13, 2, 7),
    (33, 32, 214),
    (1, 29, 0),
    (12, 6, 81),
    (15, 8, 16),
    (26, 1, 202),
    (16, 30, 66),
    (27, 2, 166),
    (25, 24, 122),
    (6, 15, 126),
    (8, 31, 87),
    (19, 28, 28),
    (13, 24, 132),
    (23, 7, 149),
    (6, 7, 129),
    (3, 17, 107),
    (37, 35, 171),
    (8, 12, 117),
    (6, 22, 195),
    (32, 10, 104),
    (32, 25, 128),
    (3, 28, 53),
    (5, 24, 191),
    (29, 29, 208),
    (29, 17, 125),
    (2, 26, 138),
    (11, 18, 231),
    (34, 0, 137),
    (22, 36, 70),
    (27, 5, 166),
    (17, 29, 198),
    (1, 21, 51),
    (9, 24, 76),
    (1, 18, 92),
    (34, 37, 225),
    (8, 30, 139),
    (0, 7, 59),
    (7, 20, 233),
    (2, 10, 127),
    (16, 24, 163),
    (9, 2, 214),
    (14, 4, 16),
    (5, 14, 50),
    (17, 25, 111),
    (14, 16, 216),
    (20, 29, 250),
    (16, 14, 101),
    (13, 20, 223),
    (4, 20, 5),
    (15, 26, 64),
    (2, 23, 36),
    (29, 19, 140),
    (7, 34, 181),
    (11, 28, 178),
    (33, 13, 237),
    (19, 21, 55),
    (15, 29, 191),
    (8, 9, 202),
    (19, 13, 80),
    (16, 5, 101),
    (25, 5, 208),
    (28, 36, 227),
    (17, 15, 36),
    (26, 37, 142),
    (13, 14, 187),
    (32, 18, 206),
    (33, 27, 182),
    (25, 13, 142),
    (9, 28, 229),
    (29, 7, 37),
    (31, 17, 126),
    (28, 29, 58),
    (29, 21, 28),
    (32, 27, 205),
    (16, 19, 93),
    (8, 10, 163),
    (34, 10, 110),
    (33, 23, 28),
    (0, 35, 150),
    (24, 35, 5),
    (32, 20, 164),
    (34, 8, 2),
    (26, 8, 236),
    (14, 28, 82),
    (30, 16, 126),
    (8, 25, 97),
    (28, 16, 125),
    (31, 8, 7),
    (14, 17, 63),
    (12, 33, 174),
    (11, 2, 202),
    (5, 34, 19),
    (24, 16, 223),
    (25, 28, 28),
    (9, 20, 60),
    (1, 5, 34),
    (29, 18, 74),
    (11, 35, 42),
    (12, 18, 33),
    (32, 22, 215),
    (26, 14, 119),
    (37, 24, 97),
    (26, 26, 190),
    (4, 4, 21),
    (1, 11, 85),
    (8, 19, 43),
    (20, 35, 168),
    (18, 32, 83),
    (23, 26, 130),
    (4, 25, 182),
    (10, 23, 8),
    (4, 12, 236),
    (1, 34, 103),
    (11, 19, 134),
    (21, 8, 16),
    (19, 1, 104),
    (13, 5, 124),
    (34, 15, 65),
    (24, 12, 235),
    (24, 30, 8),
    (25, 27, 196),
    (30, 35, 45),
    (23, 24, 169),
    (27, 8, 121),
    (20, 14, 153),
    (34, 9, 243),
    (19, 27, 239),
    (28, 4, 227),
    (17, 22, 182),
    (16, 15, 167),
    (5, 11, 219),
    (37, 10, 22),
    (31, 26, 2),
    (30, 19, 179),
    (7, 37, 160),
    (23, 35, 21),
    (16, 29, 234),
    (14, 6, 220),
    (6, 27, 211),
    (27, 23, 21),
    (6, 4, 173),
    (27, 20, 186),
    (1, 20, 142),
    (7, 27, 149),
    (6, 26, 102),
    (29, 26, 20),
    (4, 17, 115),
    (25, 17, 223),
    (33, 7, 127),
    (6, 24, 164),
    (15, 18, 79),
    (24, 21, 105),
    (26, 33, 20),
    (23, 10, 113),
    (5, 10, 72),
    (14, 23, 34),
    (35, 23, 165),
    (15, 35, 193),
    (30, 32, 215),
    (35, 27, 45),
    (28, 18, 219),
    (4, 26, 206),
    (35, 30, 134),
    (1, 17, 184),
    (22, 16, 162),
    (22, 4, 234),
    (22, 24, 191),
    (30, 25, 187),
    (24, 32, 150),
    (18, 5, 210),
    (33, 17, 54),
    (15, 13, 18),
    (17, 12, 211),
    (3, 9, 151),
    (9, 26, 168),
    (7, 8, 65),
    (22, 35, 182),
    (1, 26, 73),
    (32, 34, 48),
    (24, 5, 58),
    (27, 19, 118),
    (25, 20, 49),
    (27, 17, 36),
    (32, 4, 99),
    (8, 26, 57),
    (14, 30, 238),
    (34, 13, 143),
    (7, 26, 23),
    (14, 7, 208),
    (10, 4, 240),
    (17, 11, 174),
    (36, 18, 184),
    (12, 8, 134),
    (0, 11, 64),
    (2, 15, 36),
    (19, 10, 92),
    (1, 36, 88),
    (35, 21, 130),
    (32, 37, 91),
    (7, 4, 111),
    (17, 6, 40),
    (8, 5, 208),
    (1, 33, 37),
    (0, 34, 200),
    (11, 30, 133),
    (22, 15, 57),
    (22, 3, 246),
    (17, 16, 27),
    (32, 36, 189),
    (27, 7, 108),
    (33, 19, 93),
    (13, 23, 196),
    (37, 14, 184),
    (35, 25, 212),
    (28, 11, 71),
    (12, 31, 247),
    (0, 3, 160),
    (0, 27, 152),
    (11, 6, 215),
    (7, 13, 199),
    (10, 16, 14),
    (36, 31, 159),
    (24, 11, 228),
    (18, 7, 243),
    (36, 11, 50),
    (18, 22, 195),
    (18, 3, 9),
    (18, 2, 45),
    (17, 18, 141),
    (30, 21, 120),
    (16, 22, 55),
    (28, 1, 4),
    (16, 21, 211),
    (13, 34, 119),
    (36, 19, 41),
    (25, 7, 165),
    (11, 25, 155),
    (34, 22, 161),
    (9, 11, 160),
    (9, 19, 164),
    (3, 18, 6),
    (26, 3, 77),
    (28, 34, 25),
    (23, 17, 162),
    (20, 22, 177),
    (0, 4, 175),
    (29, 2, 156),
    (20, 6, 24),
    (19, 19, 83),
    (11, 27, 223),
    (36, 8, 54),
    (29, 1, 229),
    (29, 16, 127),
    (24, 36, 82),
    (13, 11, 222),
    (17, 8, 72),
    (37, 8, 171),
    (16, 12, 148),
    (12, 30, 123),
    (36, 12, 79),
    (25, 21, 68),
    (25, 6, 150),
    (28, 7, 105),
    (35, 7, 104),
    (31, 31, 217),
    (3, 29, 36),
    (7, 6, 226),
    (32, 33, 132),
    (13, 15, 115),
    (23, 11, 29),
    (3, 1, 232),
    (25, 19, 108),
    (9, 16, 110),
    (23, 6, 77),
    (0, 26, 75),
    (14, 2, 198),
    (4, 18, 217),
    (10, 7, 42),
    (16, 3, 6),
    (17, 26, 113),
    (3, 11, 89),
    (26, 22, 33),
    (7, 2, 232),
    (16, 7, 6),
    (21, 4, 103),
    (15, 4, 128),
    (37, 12, 61),
    (34, 5, 64),
    (19, 25, 118),
    (26, 13, 66),
    (28, 10, 173),
    (5, 16, 246),
    (14, 9, 201),
    (5, 21, 80),
    (28, 22, 125),
    (0, 8, 28),
    (32, 14, 146),
    (30, 37, 167),
    (3, 19, 191),
    (33, 8, 195),
    (29, 11, 208),
    (25, 29, 242),
    (11, 9, 117),
    (10, 13, 140),
    (7, 25, 184),
    (2, 21, 158),
    (6, 28, 137),
    (30, 10, 148),
    (24, 33, 113),
    (5, 23, 103),
    (18, 35, 7),
    (18, 6, 119),
    (28, 32, 59),
    (5, 35, 237),
    (10, 36, 217),
    (5, 3, 134),
    (10, 8, 204),
    (14, 11, 203),
    (1, 2, 72),
    (4, 10, 121),
    (21, 20, 47),
    (32, 11, 183),
    (36, 16, 143),
    (30, 23, 102),
    (26, 10, 233),
    (16, 20, 120),
    (8, 4, 29),
    (8, 15, 150),
    (23, 31, 73),
    (7, 5, 143),
    (17, 27, 159),
    (24, 27, 58),
    (10, 15, 173),
    (24, 13, 9),
    (10, 5, 128),
    (30, 4, 178),
    (16, 13, 66),
    (29, 10, 140),
    (10, 11, 240),
    (20, 13, 196),
    (3, 6, 216),
    (23, 13, 51),
    (3, 7, 43),
    (7, 1, 70),
    (5, 2, 210),
    (5, 5, 46),
    (17, 34, 95),
    (26, 9, 157),
    (7, 0, 101),
    (15, 3, 69),
    (0, 13, 109),
    (12, 12, 202),
    (13, 8, 46),
    (26, 21, 141),
    (6, 11, 92),
    (21, 6, 148),
    (11, 22, 250),
    (14, 1, 106),
    (21, 13, 198),
    (1, 12, 155),
    (33, 25, 250),
    (14, 13, 77),
    (3, 30, 230),
    (33, 36, 59),
    (13, 12, 54),
    (8, 23, 173),
    (26, 20, 37),
    (23, 8, 183),
    (2, 14, 132),
    (3, 4, 92),
    (24, 6, 15),
    (26, 15, 175),
    (0, 17, 0),
    (19, 5, 53),
    (8, 3, 28),
    (20, 3, 34),
    (35, 18, 116),
    (19, 15, 235),
    (19, 12, 33),
    (0, 23, 205),
    (4, 11, 136),
    (15, 21, 16),
    (14, 29, 183),
    (35, 17, 138),
    (21, 16, 135),
    (0, 24, 145),
    (6, 8, 6),
    (19, 14, 127),
    (34, 19, 194),
    (20, 21, 59),
    (10, 19, 77),
    (29, 27, 204),
    (3, 0, 108),
    (11, 13, 124),
    (37, 9, 212),
    (2, 16, 107),
    (9, 30, 40),
    (18, 9, 242),
    (1, 14, 152),
    (3, 8, 51),
    (12, 13, 199),
    (9, 6, 83),
    (37, 11, 166),
    (2, 17, 2),
    (14, 5, 212),
    (6, 2, 201),
    (35, 26, 91),
    (16, 9, 159),
    (29, 0, 217),
    (9, 8, 2),
    (17, 3, 91),
    (15, 9, 74),
    (30, 17, 127),
    (25, 9, 123),
    (34, 16, 138),
    (37, 7, 41),
    (12, 10, 89),
    (30, 2, 135),
    (26, 7, 201),
    (36, 13, 245),
    (29, 9, 135),
    (17, 5, 38),
    (27, 10, 178),
    (11, 8, 96),
    (18, 10, 3),
    (10, 1, 2),
    (5, 1, 150),
    (19, 4, 174),
    (27, 6, 35),
    (20, 1, 55),
    (27, 9, 86),
    (35, 5, 93),
    (16, 8, 16),
    (20, 5, 244),
    (1, 8, 210),
    (11, 7, 111),
    (27, 3, 147),
    (10, 3, 39),
    (20, 11, 15),
    (30, 1, 133),
    (6, 10, 111),
    (1, 1, 108),
    (30, 0, 162),
    (15, 16, 21),
    (2, 9, 64),
    (17, 7, 191),
    (1, 9, 217),
    (8, 1, 184),
    (21, 12, 117),
    (26, 5, 136),
    (15, 14, 19),
    (35, 8, 45),
    (21, 10, 44),
    (14, 22, 110),
    (5, 18, 250),
    (28, 28, 172),
    (3, 14, 233),
    (9, 17, 6),
    (12, 3, 190),
    (14, 25, 148),
    (28, 15, 246),
    (4, 9, 86),
    (29, 3, 117),
    (25, 11, 119),
    (31, 12, 233),
    (4, 5, 38),
    (13, 1, 211),
    (23, 15, 112),
    (19, 8, 169),
    (4, 15, 27),
    (12, 7, 129),
    (31, 6, 82),
    (8, 16, 6),
    (33, 0, 91),
    (7, 9, 137),
    (2, 6, 180),
    (9, 9, 125),
    (12, 9, 45),
    (33, 4, 52),
    (9, 3, 0),
    (21, 15, 133),
    (9, 10, 59),
    (34, 4, 206),
    (31, 1, 24),
    (22, 2, 137),
    (6, 5, 106),
    (30, 7, 143),
    (22, 5, 198),
    (11, 5, 30),
    (21, 3, 55),
    (0, 5, 170),
    (35, 3, 102),
    (26, 2, 138),
    (1, 4, 37),
    (23, 3, 195),
    (37, 13, 15),
    (37, 5, 80),
    (33, 5, 48),
    (35, 4, 37),
    (13, 0, 155),
    (8, 7, 19),
    (9, 12, 220),
    (30, 3, 54),
    (37, 0, 1),
    (24, 1, 247),
    (0, 0, 239),
    (37, 4, 231),
    (25, 8, 118),
    (12, 14, 212),
    (4, 1, 186),
    (5, 9, 78),
    (25, 12, 193),
    (30, 9, 79),
    (16, 6, 34),
    (34, 2, 105),
    (18, 0, 216),
    (18, 4, 72),
    (20, 2, 121),
    (31, 3, 75),
    (4, 7, 88),
    (35, 10, 236),
    (19, 3, 160),
    (29, 4, 155),
    (3, 2, 209),
    (2, 0, 74),
    (21, 7, 53),
    (6, 1, 60),
    (18, 8, 198),
    (36, 3, 39),
    (26, 0, 244),
    (1, 6, 232),
    (9, 1, 130),
    (31, 7, 96),
    (24, 3, 161),
    (13, 9, 198),
    (8, 6, 6),
    (10, 2, 77),
    (5, 7, 60),
    (25, 4, 189),
    (19, 2, 101),
    (22, 1, 231),
    (32, 0, 234),
    (31, 16, 180),
    (10, 10, 135),
    (6, 9, 61),
    (5, 6, 189),
    (2, 8, 241),
    (9, 5, 123),
    (22, 9, 145),
    (27, 1, 89),
    (28, 2, 155),
    (11, 1, 81),
    (34, 1, 241),
    (35, 1, 105),
    (2, 7, 99),
    (11, 3, 27),
    (17, 4, 42),
    (35, 2, 2),
    (3, 5, 138),
    (29, 5, 218),
    (18, 1, 59),
    (0, 9, 178),
    (32, 2, 94),
    (34, 7, 102),
    (16, 1, 115),
    (6, 3, 9),
    (36, 2, 208),
    (13, 3, 85),
    (15, 1, 226),
    (24, 2, 73),
    (25, 2, 245),
    (3, 3, 239),
    (2, 3, 141),
    (9, 0, 28),
    (36, 4, 166),
    (12, 2, 129),
    (21, 2, 68),
    (4, 8, 229),
    (36, 1, 248),
    (12, 4, 108),
    (36, 7, 70),
    (0, 1, 117),
    (2, 5, 126),
    (16, 0, 234),
    (24, 7, 234),
    (20, 4, 173),
    (17, 2, 220),
    (26, 4, 78),
    (15, 0, 76),
    (17, 1, 205),
    (33, 2, 238),
    (5, 0, 196),
    (35, 0, 188),
    (20, 0, 47),
    (27, 0, 180),
    (25, 0, 237),
    (33, 1, 224),
    (17, 0, 218),
    (27, 4, 79),
    (23, 0, 25),
    (23, 2, 250),
    (2, 1, 80),
    (12, 1, 82),
    (4, 2, 140),
    (1, 3, 187),
    (36, 0, 102),
    (22, 0, 186),
    (31, 0, 149),
    (21, 1, 96),
    (32, 1, 46),
    (21, 0, 173),
    (4, 0, 214),
    (11, 0, 210),
    (24, 0, 130),
    (19, 0, 184),
    (10, 0, 196),
    (6, 0, 194),
    (1, 0, 97),
    (7, 3, 158),
    (14, 0, 96),
]



F = GF(251)

# 2. Create the Matrix and Target Vector
# We have 38 Equations (rows) and 39 Unknowns (cols)
rows = 38
cols = 39

M = Matrix(F, rows, cols)
target = vector(F, goal)

# Fill the matrix with your coefficients
for r, c, val in matrix_data:
    M[r, c] = val

# 3. Solve the Linear System
# Since we have 39 unknowns but only 38 equations, there is 1 "free variable".
# Usually, the last character is predictable (like '}' or '\n').
try:
    # This finds *one* valid solution
    solution = M.solve_right(target)
    
    # 4. Decode to ASCII
    # We force the numbers to be integers (Sage treats them as field elements)
    flag_chars = [int(x) for x in solution]
    
    # Print the raw numbers
    print("Raw Solution:", flag_chars)
    
    # Print the string
    print("Flag:", "".join(chr(x) for x in flag_chars))

except ValueError:
    print("No solution found! Check if you missed any data.")
